5.0000000e+002 3.2877884e+000
5.0100000e+002 2.8112668e+000
5.0200000e+002 2.1107797e+000
5.0300000e+002 -1.0828904e+000
5.0400000e+002 1.3340203e+000
5.0500000e+002 4.5014650e+000
5.0600000e+002 5.4365102e+000
5.0700000e+002 -6.5476542e-001
5.0800000e+002 2.0518058e+000
5.0900000e+002 4.5824977e+000
5.1000000e+002 3.3666067e+000
5.1100000e+002 4.6932834e+000
5.1200000e+002 3.0101010e+000
5.1300000e+002 8.9068469e-001
5.1400000e+002 3.6572521e+000
5.1500000e+002 7.6496740e-001
5.1600000e+002 1.3663904e+000
5.1700000e+002 6.5459141e-001
5.1800000e+002 1.5033769e+000
5.1900000e+002 4.0773733e+000
5.2000000e+002 3.1865513e+000
5.2100000e+002 2.4761770e+000
5.2200000e+002 1.4953717e+000
5.2300000e+002 2.1524450e+000
5.2400000e+002 3.7674759e+000
5.2500000e+002 2.8705015e+000
5.2600000e+002 1.2313356e+000
5.2700000e+002 -1.6052172e+000
5.2800000e+002 3.4983250e+000
5.2900000e+002 3.2476354e+000
5.3000000e+002 3.9148625e+000
5.3100000e+002 4.0731019e+000
5.3200000e+002 5.4376364e+000
5.3300000e+002 3.5053794e+000
5.3400000e+002 2.8344495e+000
5.3500000e+002 5.0684321e+000
5.3600000e+002 4.2913956e+000
5.3700000e+002 2.3189504e+000
5.3800000e+002 3.4502110e+000
5.3900000e+002 1.6150161e+000
5.4000000e+002 1.6206296e+000
5.4100000e+002 3.1277840e+000
5.4200000e+002 4.3814125e+000
5.4300000e+002 6.7190231e+000
5.4400000e+002 1.0871545e+001
5.4500000e+002 1.4454943e+001
5.4600000e+002 1.7963501e+001
5.4700000e+002 2.2430331e+001
5.4800000e+002 2.6531468e+001
5.4900000e+002 3.0769821e+001
5.5000000e+002 3.5106184e+001
5.5100000e+002 3.9227162e+001
5.5200000e+002 4.3186068e+001
5.5300000e+002 4.7072650e+001
5.5400000e+002 5.0924428e+001
5.5500000e+002 5.4690521e+001
5.5600000e+002 5.8350365e+001
5.5700000e+002 6.1948827e+001
5.5800000e+002 6.5127073e+001
5.5900000e+002 6.8009588e+001
5.6000000e+002 7.0632450e+001
5.6100000e+002 7.2779775e+001
5.6200000e+002 7.4496104e+001
5.6300000e+002 7.5925895e+001
5.6400000e+002 7.7069451e+001
5.6500000e+002 7.7944504e+001
5.6600000e+002 7.8579281e+001
5.6700000e+002 7.9162056e+001
5.6800000e+002 7.9772157e+001
5.6900000e+002 8.0301780e+001
5.7000000e+002 8.0969169e+001
5.7100000e+002 8.1601203e+001
5.7200000e+002 8.2471695e+001
5.7300000e+002 8.3611884e+001
5.7400000e+002 8.4643824e+001
5.7500000e+002 8.5494997e+001
5.7600000e+002 8.6724405e+001
5.7700000e+002 8.7691883e+001
5.7800000e+002 8.8702013e+001
5.7900000e+002 8.9459564e+001
5.8000000e+002 9.0050130e+001
5.8100000e+002 9.0462351e+001
5.8200000e+002 9.0466217e+001
5.8300000e+002 9.0165676e+001
5.8400000e+002 9.0481114e+001
5.8500000e+002 9.0637979e+001
5.8600000e+002 9.0426830e+001
5.8700000e+002 9.0423616e+001
5.8800000e+002 9.0420450e+001
5.8900000e+002 9.0424434e+001
5.9000000e+002 9.0642062e+001
5.9100000e+002 9.0922925e+001
5.9200000e+002 9.1351642e+001
5.9300000e+002 9.1708108e+001
5.9400000e+002 9.2256666e+001
5.9500000e+002 9.2667066e+001
5.9600000e+002 9.3061881e+001
5.9700000e+002 9.3452257e+001
5.9800000e+002 9.3223544e+001
5.9900000e+002 9.3196509e+001
6.0000000e+002 9.3234019e+001
6.0100000e+002 9.2933262e+001
6.0200000e+002 9.2227748e+001
6.0300000e+002 9.1525093e+001
6.0400000e+002 9.0512474e+001
6.0500000e+002 8.9367109e+001
6.0600000e+002 8.8419257e+001
6.0700000e+002 8.7422329e+001
6.0800000e+002 8.6501686e+001
6.0900000e+002 8.5600106e+001
6.1000000e+002 8.4969156e+001
6.1100000e+002 8.4410189e+001
6.1200000e+002 8.4114757e+001
6.1300000e+002 8.4121921e+001
6.1400000e+002 8.4202777e+001
6.1500000e+002 8.4409476e+001
6.1600000e+002 8.4856596e+001
6.1700000e+002 8.5416182e+001
6.1800000e+002 8.5864101e+001
6.1900000e+002 8.6477311e+001
6.2000000e+002 8.7031967e+001
6.2100000e+002 8.7458372e+001
6.2200000e+002 8.7942570e+001
6.2300000e+002 8.8415531e+001
6.2400000e+002 8.8647904e+001
6.2500000e+002 8.8932298e+001
6.2600000e+002 8.9033028e+001
6.2700000e+002 8.9019025e+001
6.2800000e+002 8.9005139e+001
6.2900000e+002 8.8918349e+001
6.3000000e+002 8.8779107e+001
6.3100000e+002 8.8588220e+001
6.3200000e+002 8.8385176e+001
6.3300000e+002 8.8190302e+001
6.3400000e+002 8.8114381e+001
6.3500000e+002 8.8090599e+001
6.3600000e+002 8.8125402e+001
6.3700000e+002 8.8276551e+001
6.3800000e+002 8.8484929e+001
6.3900000e+002 8.8801485e+001
6.4000000e+002 8.9238475e+001
6.4100000e+002 8.9782331e+001
6.4200000e+002 9.0156735e+001
6.4300000e+002 9.0695675e+001
6.4400000e+002 9.1232148e+001
6.4500000e+002 9.1709059e+001
6.4600000e+002 9.2240776e+001
6.4700000e+002 9.2599524e+001
6.4800000e+002 9.3009400e+001
6.4900000e+002 9.3361225e+001
6.5000000e+002 9.3655295e+001
6.5100000e+002 9.3944950e+001
6.5200000e+002 9.4014973e+001
6.5300000e+002 9.4025077e+001
6.5400000e+002 9.4140924e+001
6.5500000e+002 9.4094645e+001
6.5600000e+002 9.4041842e+001
6.5700000e+002 9.3929608e+001
6.5800000e+002 9.3817375e+001
6.5900000e+002 9.3649025e+001
6.6000000e+002 9.3442956e+001
6.6100000e+002 9.3216303e+001
6.6200000e+002 9.2938051e+001
6.6300000e+002 9.2554709e+001
6.6400000e+002 9.2014412e+001
6.6500000e+002 9.1526988e+001
6.6600000e+002 9.0885143e+001
6.6700000e+002 9.0241109e+001
6.6800000e+002 8.9603901e+001
6.6900000e+002 8.8862111e+001
6.7000000e+002 8.8028626e+001
6.7100000e+002 8.7190471e+001
6.7200000e+002 8.6397168e+001
6.7300000e+002 8.5520001e+001
6.7400000e+002 8.4546778e+001
6.7500000e+002 8.3616149e+001
6.7600000e+002 8.2597518e+001
6.7700000e+002 8.1646685e+001
6.7800000e+002 8.0785819e+001
6.7900000e+002 7.9970814e+001
6.8000000e+002 7.9159940e+001
6.8100000e+002 7.8555390e+001
6.8200000e+002 7.8004318e+001
6.8300000e+002 7.7545326e+001
6.8400000e+002 7.7327921e+001
6.8500000e+002 7.7261697e+001
6.8600000e+002 7.7384743e+001
6.8700000e+002 7.7518800e+001
6.8800000e+002 7.7852355e+001
6.8900000e+002 7.8423646e+001
6.9000000e+002 7.9083115e+001
6.9100000e+002 7.9851726e+001
6.9200000e+002 8.0798884e+001
6.9300000e+002 8.1655487e+001
6.9400000e+002 8.2651999e+001
6.9500000e+002 8.3632200e+001
6.9600000e+002 8.4572137e+001
6.9700000e+002 8.5513011e+001
6.9800000e+002 8.6354926e+001
6.9900000e+002 8.6997782e+001
7.0000000e+002 8.7641281e+001
7.0100000e+002 8.8135349e+001
7.0200000e+002 8.8574142e+001
7.0300000e+002 8.8908005e+001
7.0400000e+002 8.9192648e+001
7.0500000e+002 8.9427848e+001
7.0600000e+002 8.9507340e+001
7.0700000e+002 8.9587153e+001
7.0800000e+002 8.9571352e+001
7.0900000e+002 8.9646330e+001
7.1000000e+002 8.9772528e+001
7.1100000e+002 8.9904515e+001
7.1200000e+002 9.0037040e+001
7.1300000e+002 9.0160042e+001
7.1400000e+002 9.0335163e+001
7.1500000e+002 9.0361772e+001
7.1600000e+002 9.0326905e+001
7.1700000e+002 8.9985776e+001
7.1800000e+002 8.9220896e+001
7.1900000e+002 8.7934531e+001
7.2000000e+002 8.6116525e+001
7.2100000e+002 8.3709329e+001
7.2200000e+002 8.0749901e+001
7.2300000e+002 7.7186541e+001
7.2400000e+002 7.3147248e+001
7.2500000e+002 6.8734059e+001
7.2600000e+002 6.3860268e+001
7.2700000e+002 5.8927838e+001
7.2800000e+002 5.4006772e+001
7.2900000e+002 4.9038183e+001
7.3000000e+002 4.4267697e+001
7.3100000e+002 3.9843102e+001
7.3200000e+002 3.5812808e+001
7.3300000e+002 3.2249345e+001
7.3400000e+002 2.9055098e+001
7.3500000e+002 2.6277133e+001
7.3600000e+002 2.3798192e+001
7.3700000e+002 2.1819620e+001
7.3800000e+002 2.0057847e+001
7.3900000e+002 1.8483038e+001
7.4000000e+002 1.7176858e+001
7.4100000e+002 1.6121812e+001
7.4200000e+002 1.5203089e+001
7.4300000e+002 1.4405418e+001
7.4400000e+002 1.3707133e+001
7.4500000e+002 1.3126133e+001
7.4600000e+002 1.2613272e+001
7.4700000e+002 1.2124519e+001
7.4800000e+002 1.1613660e+001
7.4900000e+002 1.1143877e+001
7.5000000e+002 1.0650187e+001
