8.0000000e+002 6.0607771e+000
8.0100000e+002 2.5161267e+000
8.0200000e+002 1.3352437e+000
8.0300000e+002 -1.3443866e+000
8.0400000e+002 -8.9251450e-001
8.0500000e+002 -9.5471963e-001
8.0600000e+002 -1.2286377e+000
8.0700000e+002 -5.0608365e-002
8.0800000e+002 -4.4719893e-001
8.0900000e+002 2.2341662e-002
8.1000000e+002 -9.9069046e-002
8.1100000e+002 1.2535690e+000
8.1200000e+002 1.7409262e+000
8.1300000e+002 1.3184695e+000
8.1400000e+002 1.9752701e+000
8.1500000e+002 2.4755524e+000
8.1600000e+002 3.2924275e+000
8.1700000e+002 3.7086040e+000
8.1800000e+002 4.8676587e+000
8.1900000e+002 6.0191004e+000
8.2000000e+002 7.8039752e+000
8.2100000e+002 9.2075000e+000
8.2200000e+002 1.1165606e+001
8.2300000e+002 1.3078052e+001
8.2400000e+002 1.4774441e+001
8.2500000e+002 1.6848342e+001
8.2600000e+002 1.9214565e+001
8.2700000e+002 2.1313445e+001
8.2800000e+002 2.3471789e+001
8.2900000e+002 2.5684501e+001
8.3000000e+002 2.8274077e+001
8.3100000e+002 3.0509627e+001
8.3200000e+002 3.3315563e+001
8.3300000e+002 3.5551566e+001
8.3400000e+002 3.8043262e+001
8.3500000e+002 4.0438299e+001
8.3600000e+002 4.2901650e+001
8.3700000e+002 4.4898096e+001
8.3800000e+002 4.7531794e+001
8.3900000e+002 4.9820295e+001
8.4000000e+002 5.2244054e+001
8.4100000e+002 5.4477133e+001
8.4200000e+002 5.6726449e+001
8.4300000e+002 5.9011653e+001
8.4400000e+002 6.0924530e+001
8.4500000e+002 6.2711086e+001
8.4600000e+002 6.4754207e+001
8.4700000e+002 6.6464761e+001
8.4800000e+002 6.8209250e+001
8.4900000e+002 6.9726678e+001
8.5000000e+002 7.1601116e+001
8.5100000e+002 7.2866103e+001
8.5200000e+002 7.4366934e+001
8.5300000e+002 7.5421191e+001
8.5400000e+002 7.6818219e+001
8.5500000e+002 7.7958656e+001
8.5600000e+002 7.9136579e+001
8.5700000e+002 7.9961616e+001
8.5800000e+002 8.1060245e+001
8.5900000e+002 8.2033915e+001
8.6000000e+002 8.2902408e+001
8.6100000e+002 8.3735384e+001
8.6200000e+002 8.4417472e+001
8.6300000e+002 8.5020712e+001
8.6400000e+002 8.5837042e+001
8.6500000e+002 8.6473344e+001
8.6600000e+002 8.7026052e+001
8.6700000e+002 8.7614312e+001
8.6800000e+002 8.8099596e+001
8.6900000e+002 8.8659003e+001
8.7000000e+002 8.9121156e+001
8.7100000e+002 8.9506107e+001
8.7200000e+002 8.9912921e+001
8.7300000e+002 9.0457204e+001
8.7400000e+002 9.0779259e+001
8.7500000e+002 9.1244655e+001
8.7600000e+002 9.1438936e+001
8.7700000e+002 9.1880042e+001
8.7800000e+002 9.2232523e+001
8.7900000e+002 9.2422509e+001
8.8000000e+002 9.2721923e+001
8.8100000e+002 9.2987296e+001
8.8200000e+002 9.3254869e+001
8.8300000e+002 9.3437024e+001
8.8400000e+002 9.3680928e+001
8.8500000e+002 9.3775984e+001
8.8600000e+002 9.4064004e+001
8.8700000e+002 9.4190847e+001
8.8800000e+002 9.4311592e+001
8.8900000e+002 9.4546971e+001
8.9000000e+002 9.4647478e+001
8.9100000e+002 9.4797382e+001
8.9200000e+002 9.4905851e+001
8.9300000e+002 9.5017668e+001
8.9400000e+002 9.5205095e+001
8.9500000e+002 9.5274783e+001
8.9600000e+002 9.5361958e+001
8.9700000e+002 9.5466300e+001
8.9800000e+002 9.5590348e+001
8.9900000e+002 9.5618289e+001
9.0000000e+002 9.5711149e+001
9.0100000e+002 9.5817515e+001
9.0200000e+002 9.5926489e+001
9.0300000e+002 9.5971302e+001
9.0400000e+002 9.6061362e+001
9.0500000e+002 9.6134608e+001
9.0600000e+002 9.6146664e+001
9.0700000e+002 9.6233154e+001
9.0800000e+002 9.6336070e+001
9.0900000e+002 9.6392559e+001
9.1000000e+002 9.6389058e+001
9.1100000e+002 9.6386150e+001
9.1200000e+002 9.6412967e+001
9.1300000e+002 9.6512534e+001
9.1400000e+002 9.6536012e+001
9.1500000e+002 9.6632350e+001
9.1600000e+002 9.6671078e+001
9.1700000e+002 9.6694450e+001
9.1800000e+002 9.6758800e+001
9.1900000e+002 9.6740685e+001
9.2000000e+002 9.6776673e+001
9.2100000e+002 9.6771261e+001
9.2200000e+002 9.6806999e+001
9.2300000e+002 9.6840953e+001
9.2400000e+002 9.6862100e+001
9.2500000e+002 9.6895693e+001
9.2600000e+002 9.6901048e+001
9.2700000e+002 9.6918096e+001
9.2800000e+002 9.6920380e+001
9.2900000e+002 9.6998746e+001
9.3000000e+002 9.6982983e+001
9.3100000e+002 9.6990957e+001
9.3200000e+002 9.6983323e+001
9.3300000e+002 9.7040381e+001
9.3400000e+002 9.7047769e+001
9.3500000e+002 9.7047818e+001
9.3600000e+002 9.7000854e+001
9.3700000e+002 9.7044529e+001
9.3800000e+002 9.7078970e+001
9.3900000e+002 9.7048480e+001
9.4000000e+002 9.7088423e+001
9.4100000e+002 9.7094316e+001
9.4200000e+002 9.7118158e+001
9.4300000e+002 9.7144194e+001
9.4400000e+002 9.7114267e+001
9.4500000e+002 9.7111127e+001
9.4600000e+002 9.7133797e+001
9.4700000e+002 9.7115239e+001
9.4800000e+002 9.7131331e+001
9.4900000e+002 9.7109602e+001
9.5000000e+002 9.7126737e+001
9.5100000e+002 9.7118588e+001
9.5200000e+002 9.7109746e+001
9.5300000e+002 9.7123596e+001
9.5400000e+002 9.7112257e+001
9.5500000e+002 9.7161897e+001
9.5600000e+002 9.7125381e+001
9.5700000e+002 9.7076478e+001
9.5800000e+002 9.7100207e+001
9.5900000e+002 9.7073938e+001
9.6000000e+002 9.7095522e+001
9.6100000e+002 9.7104352e+001
9.6200000e+002 9.7087558e+001
9.6300000e+002 9.7069984e+001
9.6400000e+002 9.7101647e+001
9.6500000e+002 9.7083666e+001
9.6600000e+002 9.7126595e+001
9.6700000e+002 9.7058229e+001
9.6800000e+002 9.7063424e+001
9.6900000e+002 9.7054502e+001
9.7000000e+002 9.7020511e+001
9.7100000e+002 9.7034986e+001
9.7200000e+002 9.7061981e+001
9.7300000e+002 9.7024601e+001
9.7400000e+002 9.7013094e+001
9.7500000e+002 9.7000721e+001
9.7600000e+002 9.6999684e+001
9.7700000e+002 9.6986751e+001
9.7800000e+002 9.6959791e+001
9.7900000e+002 9.6970531e+001
9.8000000e+002 9.6955272e+001
9.8100000e+002 9.6911978e+001
9.8200000e+002 9.6908412e+001
9.8300000e+002 9.6877435e+001
9.8400000e+002 9.6913457e+001
9.8500000e+002 9.6853167e+001
9.8600000e+002 9.6832862e+001
9.8700000e+002 9.6825673e+001
9.8800000e+002 9.6803141e+001
9.8900000e+002 9.6796101e+001
9.9000000e+002 9.6840922e+001
9.9100000e+002 9.6803325e+001
9.9200000e+002 9.6820675e+001
9.9300000e+002 9.6754379e+001
9.9400000e+002 9.6828925e+001
9.9500000e+002 9.6744099e+001
9.9600000e+002 9.6675136e+001
9.9700000e+002 9.6690142e+001
9.9800000e+002 9.6618087e+001
9.9900000e+002 9.6633344e+001
1.0000000e+003 9.6648877e+001
1.0010000e+003 9.6604416e+001
1.0020000e+003 9.6619434e+001
1.0030000e+003 9.6602169e+001
1.0040000e+003 9.6553296e+001
1.0050000e+003 9.6550541e+001
1.0060000e+003 9.6514703e+001
1.0070000e+003 9.6478689e+001
1.0080000e+003 9.6473901e+001
1.0090000e+003 9.6439667e+001
1.0100000e+003 9.6367271e+001
1.0110000e+003 9.6413643e+001
1.0120000e+003 9.6376459e+001
1.0130000e+003 9.6338496e+001
1.0140000e+003 9.6333728e+001
1.0150000e+003 9.6330819e+001
1.0160000e+003 9.6310485e+001
1.0170000e+003 9.6252609e+001
1.0180000e+003 9.6251485e+001
1.0190000e+003 9.6191025e+001
1.0200000e+003 9.6206614e+001
1.0210000e+003 9.6166236e+001
1.0220000e+003 9.6103531e+001
1.0230000e+003 9.6064188e+001
1.0240000e+003 9.6059409e+001
1.0250000e+003 9.6077494e+001
1.0260000e+003 9.6056650e+001
1.0270000e+003 9.5975404e+001
1.0280000e+003 9.6011180e+001
1.0290000e+003 9.5987273e+001
1.0300000e+003 9.5924339e+001
1.0310000e+003 9.5878613e+001
1.0320000e+003 9.5875550e+001
1.0330000e+003 9.5805667e+001
1.0340000e+003 9.5800782e+001
1.0350000e+003 9.5840108e+001
1.0360000e+003 9.5746764e+001
1.0370000e+003 9.5720247e+001
1.0380000e+003 9.5688162e+001
1.0390000e+003 9.5613800e+001
1.0400000e+003 9.5560134e+001
1.0410000e+003 9.5623200e+001
1.0420000e+003 9.5588160e+001
1.0430000e+003 9.5559768e+001
1.0440000e+003 9.5525153e+001
1.0450000e+003 9.5492994e+001
1.0460000e+003 9.5507391e+001
1.0470000e+003 9.5346528e+001
1.0480000e+003 9.5309467e+001
1.0490000e+003 9.5350772e+001
1.0500000e+003 9.5312737e+001
1.0510000e+003 9.5352728e+001
1.0520000e+003 9.5289892e+001
1.0530000e+003 9.5168038e+001
1.0540000e+003 9.5102260e+001
1.0550000e+003 9.5170095e+001
1.0560000e+003 9.5123045e+001
1.0570000e+003 9.5128146e+001
1.0580000e+003 9.5072856e+001
1.0590000e+003 9.4885978e+001
1.0600000e+003 9.5093151e+001
1.0610000e+003 9.4944075e+001
1.0620000e+003 9.4982230e+001
1.0630000e+003 9.4907412e+001
1.0640000e+003 9.4932942e+001
1.0650000e+003 9.4801011e+001
1.0660000e+003 9.4731045e+001
1.0670000e+003 9.4664769e+001
1.0680000e+003 9.4626486e+001
1.0690000e+003 9.4624980e+001
1.0700000e+003 9.4625389e+001
1.0710000e+003 9.4697627e+001
1.0720000e+003 9.4553484e+001
1.0730000e+003 9.4626685e+001
1.0740000e+003 9.4518083e+001
1.0750000e+003 9.4480159e+001
1.0760000e+003 9.4368812e+001
1.0770000e+003 9.4365466e+001
1.0780000e+003 9.4325983e+001
1.0790000e+003 9.4328900e+001
1.0800000e+003 9.4292513e+001
1.0810000e+003 9.4217669e+001
1.0820000e+003 9.4257117e+001
1.0830000e+003 9.4136077e+001
1.0840000e+003 9.4177970e+001
1.0850000e+003 9.4049583e+001
1.0860000e+003 9.4002991e+001
1.0870000e+003 9.4044687e+001
1.0880000e+003 9.4090535e+001
1.0890000e+003 9.4042317e+001
1.0900000e+003 9.3904253e+001
1.0910000e+003 9.4042729e+001
1.0920000e+003 9.3950160e+001
1.0930000e+003 9.3803752e+001
1.0940000e+003 9.3898688e+001
1.0950000e+003 9.3789218e+001
1.0960000e+003 9.3786557e+001
1.0970000e+003 9.3725694e+001
1.0980000e+003 9.3718266e+001
1.0990000e+003 9.3664531e+001
1.1000000e+003 9.3655621e+001
