6.5000000e+002 4.7308133e-002
6.5100000e+002 6.2045455e-002
6.5200000e+002 6.1678005e-002
6.5300000e+002 5.7838144e-002
6.5400000e+002 5.9039548e-002
6.5500000e+002 5.8441558e-002
6.5600000e+002 6.6102651e-002
6.5700000e+002 7.1702368e-002
6.5800000e+002 6.8471517e-002
6.5900000e+002 6.8002257e-002
6.6000000e+002 7.0168539e-002
6.6100000e+002 6.7892977e-002
6.6200000e+002 6.8601437e-002
6.6300000e+002 6.4947888e-002
6.6400000e+002 8.0599455e-002
6.6500000e+002 7.3224932e-002
6.6600000e+002 7.4191810e-002
6.6700000e+002 8.3404711e-002
6.6800000e+002 8.8172616e-002
6.6900000e+002 1.0657476e-001
6.7000000e+002 1.5031679e-001
6.7100000e+002 1.9584866e-001
6.7200000e+002 2.7456829e-001
6.7300000e+002 3.6845673e-001
6.7400000e+002 5.4945455e-001
6.7500000e+002 8.1713251e-001
6.7600000e+002 1.2119195e+000
6.7700000e+002 1.7144987e+000
6.7800000e+002 2.3825307e+000
6.7900000e+002 3.2260981e+000
6.8000000e+002 4.2138054e+000
6.8100000e+002 5.5539908e+000
6.8200000e+002 7.1524848e+000
6.8300000e+002 8.8940789e+000
6.8400000e+002 1.0982668e+001
6.8500000e+002 1.3315532e+001
6.8600000e+002 1.5823112e+001
6.8700000e+002 1.8639185e+001
6.8800000e+002 2.1861658e+001
6.8900000e+002 2.5115253e+001
6.9000000e+002 2.8463509e+001
6.9100000e+002 3.1871092e+001
6.9200000e+002 3.5265248e+001
6.9300000e+002 3.8615273e+001
6.9400000e+002 4.1885178e+001
6.9500000e+002 4.5007365e+001
6.9600000e+002 4.8018387e+001
6.9700000e+002 5.0793938e+001
6.9800000e+002 5.3375789e+001
6.9900000e+002 5.5887958e+001
7.0000000e+002 5.8304721e+001
7.0100000e+002 6.0474962e+001
7.0200000e+002 6.2611940e+001
7.0300000e+002 6.4591377e+001
7.0400000e+002 6.6322413e+001
7.0500000e+002 6.8040799e+001
7.0600000e+002 6.9647771e+001
7.0700000e+002 7.1058223e+001
7.0800000e+002 7.2285053e+001
7.0900000e+002 7.3539602e+001
7.1000000e+002 7.4558069e+001
7.1100000e+002 7.5529529e+001
7.1200000e+002 7.6441611e+001
7.1300000e+002 7.7346732e+001
7.1400000e+002 7.8165480e+001
7.1500000e+002 7.8884997e+001
7.1600000e+002 7.9638993e+001
7.1700000e+002 8.0262728e+001
7.1800000e+002 8.0912023e+001
7.1900000e+002 8.1428789e+001
7.2000000e+002 8.1991947e+001
7.2100000e+002 8.2462883e+001
7.2200000e+002 8.2883845e+001
7.2300000e+002 8.3360627e+001
7.2400000e+002 8.3778507e+001
7.2500000e+002 8.4145985e+001
7.2600000e+002 8.4569962e+001
7.2700000e+002 8.4843504e+001
7.2800000e+002 8.5257151e+001
7.2900000e+002 8.5581675e+001
7.3000000e+002 8.5861811e+001
7.3100000e+002 8.6128603e+001
7.3200000e+002 8.6492948e+001
7.3300000e+002 8.6820531e+001
7.3400000e+002 8.7032647e+001
7.3500000e+002 8.7302795e+001
7.3600000e+002 8.7477385e+001
7.3700000e+002 8.7695826e+001
7.3800000e+002 8.7753371e+001
7.3900000e+002 8.7968490e+001
7.4000000e+002 8.8085117e+001
7.4100000e+002 8.8246805e+001
7.4200000e+002 8.8410365e+001
7.4300000e+002 8.8530948e+001
7.4400000e+002 8.8587544e+001
7.4500000e+002 8.8644738e+001
7.4600000e+002 8.8643440e+001
7.4700000e+002 8.8708254e+001
7.4800000e+002 8.8766985e+001
7.4900000e+002 8.8826351e+001
7.5000000e+002 8.8832750e+001
7.5100000e+002 8.8886347e+001
7.5200000e+002 8.8886333e+001
7.5300000e+002 8.8940884e+001
7.5400000e+002 8.8941173e+001
7.5500000e+002 8.8941465e+001
7.5600000e+002 8.8941760e+001
7.5700000e+002 8.8935113e+001
7.5800000e+002 8.8984630e+001
7.5900000e+002 8.8914513e+001
7.6000000e+002 8.9000450e+001
7.6100000e+002 8.8986861e+001
7.6200000e+002 8.8994600e+001
7.6300000e+002 8.8929777e+001
7.6400000e+002 8.8988603e+001
7.6500000e+002 8.8981897e+001
7.6600000e+002 8.8982455e+001
7.6700000e+002 8.8990409e+001
7.6800000e+002 8.8923549e+001
7.6900000e+002 8.8908702e+001
7.7000000e+002 8.8908824e+001
7.7100000e+002 8.8893660e+001
7.7200000e+002 8.8885982e+001
7.7300000e+002 8.8955796e+001
7.7400000e+002 8.8893750e+001
7.7500000e+002 8.8885926e+001
7.7600000e+002 8.8877991e+001
7.7700000e+002 8.8806237e+001
7.7800000e+002 8.8805700e+001
7.7900000e+002 8.8732534e+001
7.8000000e+002 8.8723263e+001
7.8100000e+002 8.8713854e+001
7.8200000e+002 8.8638501e+001
7.8300000e+002 8.8562136e+001
7.8400000e+002 8.8476072e+001
7.8500000e+002 8.8473258e+001
7.8600000e+002 8.8470404e+001
7.8700000e+002 8.8390707e+001
7.8800000e+002 8.8232560e+001
7.8900000e+002 8.8227960e+001
7.9000000e+002 8.8135557e+001
7.9100000e+002 8.7902607e+001
7.9200000e+002 8.7676489e+001
7.9300000e+002 8.7737950e+001
7.9400000e+002 8.7648952e+001
7.9500000e+002 8.7335523e+001
7.9600000e+002 8.7171184e+001
7.9700000e+002 8.7086853e+001
7.9800000e+002 8.6857721e+001
7.9900000e+002 8.6687199e+001
8.0000000e+002 8.6525669e+001
8.0100000e+002 8.6362237e+001
8.0200000e+002 8.6112267e+001
8.0300000e+002 8.5786310e+001
8.0400000e+002 8.5701198e+001
8.0500000e+002 8.5455460e+001
8.0600000e+002 8.5146672e+001
8.0700000e+002 8.4852042e+001
8.0800000e+002 8.4750612e+001
8.0900000e+002 8.4385162e+001
8.1000000e+002 8.4069400e+001
8.1100000e+002 8.4028989e+001
8.1200000e+002 8.3806500e+001
8.1300000e+002 8.3564132e+001
8.1400000e+002 8.3454358e+001
8.1500000e+002 8.3370668e+001
8.1600000e+002 8.3156431e+001
8.1700000e+002 8.3243585e+001
8.1800000e+002 8.3307208e+001
8.1900000e+002 8.3383425e+001
8.2000000e+002 8.3506158e+001
8.2100000e+002 8.3669153e+001
8.2200000e+002 8.3777399e+001
8.2300000e+002 8.4106204e+001
8.2400000e+002 8.4447774e+001
8.2500000e+002 8.4721170e+001
8.2600000e+002 8.5171974e+001
8.2700000e+002 8.5480131e+001
8.2800000e+002 8.5704011e+001
8.2900000e+002 8.5989449e+001
8.3000000e+002 8.6266075e+001
8.3100000e+002 8.6415607e+001
8.3200000e+002 8.6393545e+001
8.3300000e+002 8.6056782e+001
8.3400000e+002 8.5303458e+001
8.3500000e+002 8.4368879e+001
8.3600000e+002 8.2926891e+001
8.3700000e+002 8.1218207e+001
8.3800000e+002 7.8884981e+001
8.3900000e+002 7.5795810e+001
8.4000000e+002 7.2281320e+001
8.4100000e+002 6.8104449e+001
8.4200000e+002 6.3852636e+001
8.4300000e+002 5.9321053e+001
8.4400000e+002 5.4723226e+001
8.4500000e+002 5.0050276e+001
8.4600000e+002 4.5531347e+001
8.4700000e+002 4.1128611e+001
8.4800000e+002 3.7069006e+001
8.4900000e+002 3.3383015e+001
8.5000000e+002 2.9859330e+001
8.5100000e+002 2.6628791e+001
8.5200000e+002 2.3562174e+001
8.5300000e+002 2.0899463e+001
8.5400000e+002 1.8469848e+001
8.5500000e+002 1.6167584e+001
8.5600000e+002 1.4262102e+001
8.5700000e+002 1.2644982e+001
8.5800000e+002 1.1133713e+001
8.5900000e+002 9.7778068e+000
8.6000000e+002 8.6522530e+000
8.6100000e+002 7.5988793e+000
8.6200000e+002 6.6412521e+000
8.6300000e+002 5.9587884e+000
8.6400000e+002 5.2541985e+000
8.6500000e+002 4.5764755e+000
8.6600000e+002 4.1095557e+000
8.6700000e+002 3.6069224e+000
8.6800000e+002 3.1373964e+000
8.6900000e+002 2.8538335e+000
8.7000000e+002 2.6177869e+000
8.7100000e+002 2.3018730e+000
8.7200000e+002 2.0013765e+000
8.7300000e+002 1.8490733e+000
8.7400000e+002 1.6455929e+000
8.7500000e+002 1.4690837e+000
8.7600000e+002 1.3309826e+000
8.7700000e+002 1.2233858e+000
8.7800000e+002 1.0866875e+000
8.7900000e+002 9.4762646e-001
8.8000000e+002 8.8066512e-001
8.8100000e+002 7.8361538e-001
8.8200000e+002 7.1493109e-001
8.8300000e+002 6.6745247e-001
8.8400000e+002 6.1201814e-001
8.8500000e+002 5.3777276e-001
8.8600000e+002 4.8219895e-001
8.8700000e+002 4.5925651e-001
8.8800000e+002 4.1471893e-001
8.8900000e+002 3.8801471e-001
8.9000000e+002 3.8692476e-001
8.9100000e+002 3.3796364e-001
8.9200000e+002 3.0730825e-001
8.9300000e+002 2.8200144e-001
8.9400000e+002 2.5014347e-001
8.9500000e+002 2.4960742e-001
8.9600000e+002 2.5688920e-001
8.9700000e+002 2.3474876e-001
8.9800000e+002 2.1120507e-001
8.9900000e+002 1.9256140e-001
9.0000000e+002 1.9035639e-001
